     1	49/49 [==============================] - 381s 8s/step - loss: 1.5212 - acc: 0.5623 - val_loss: 2.9891 - val_acc: 0.4881
     2	49/49 [==============================] - 344s 7s/step - loss: 0.5690 - acc: 0.8347 - val_loss: 2.1990 - val_acc: 0.5417
     3	49/49 [==============================] - 344s 7s/step - loss: 0.4201 - acc: 0.8848 - val_loss: 1.8590 - val_acc: 0.5833
     4	49/49 [==============================] - 346s 7s/step - loss: 0.3305 - acc: 0.9047 - val_loss: 0.8599 - val_acc: 0.7560
     5	49/49 [==============================] - 365s 7s/step - loss: 0.1814 - acc: 0.9498 - val_loss: 1.6521 - val_acc: 0.6607
     6	49/49 [==============================] - 359s 7s/step - loss: 0.1996 - acc: 0.9298 - val_loss: 0.7709 - val_acc: 0.7500
     7	49/49 [==============================] - 360s 7s/step - loss: 0.1677 - acc: 0.9549 - val_loss: 2.4507 - val_acc: 0.5119
     8	49/49 [==============================] - 363s 7s/step - loss: 0.1122 - acc: 0.9654 - val_loss: 0.9765 - val_acc: 0.7440
     9	49/49 [==============================] - 363s 7s/step - loss: 0.0629 - acc: 0.9779 - val_loss: 0.8974 - val_acc: 0.7738
    10	49/49 [==============================] - 365s 7s/step - loss: 0.1549 - acc: 0.9532 - val_loss: 1.4679 - val_acc: 0.6607
    11	49/49 [==============================] - 359s 7s/step - loss: 0.0924 - acc: 0.9711 - val_loss: 0.9028 - val_acc: 0.7560
    12	49/49 [==============================] - 362s 7s/step - loss: 0.1209 - acc: 0.9673 - val_loss: 1.0330 - val_acc: 0.7262
    13	49/49 [==============================] - 363s 7s/step - loss: 0.0785 - acc: 0.9753 - val_loss: 0.7765 - val_acc: 0.7976
    14	49/49 [==============================] - 363s 7s/step - loss: 0.0979 - acc: 0.9677 - val_loss: 1.2032 - val_acc: 0.7262
    15	49/49 [==============================] - 362s 7s/step - loss: 0.1133 - acc: 0.9713 - val_loss: 1.0723 - val_acc: 0.7560
    16	49/49 [==============================] - 363s 7s/step - loss: 0.0611 - acc: 0.9796 - val_loss: 1.0117 - val_acc: 0.7381
    17	49/49 [==============================] - 362s 7s/step - loss: 0.0527 - acc: 0.9881 - val_loss: 1.0921 - val_acc: 0.7440
    18	49/49 [==============================] - 366s 7s/step - loss: 0.0444 - acc: 0.9821 - val_loss: 1.2991 - val_acc: 0.7440
    19	49/49 [==============================] - 360s 7s/step - loss: 0.0417 - acc: 0.9864 - val_loss: 0.7164 - val_acc: 0.8036
    20	49/49 [==============================] - 362s 7s/step - loss: 0.0394 - acc: 0.9847 - val_loss: 0.9324 - val_acc: 0.7679
    21	49/49 [==============================] - 365s 7s/step - loss: 0.0911 - acc: 0.9753 - val_loss: 1.0011 - val_acc: 0.7857
    22	49/49 [==============================] - 362s 7s/step - loss: 0.0541 - acc: 0.9830 - val_loss: 0.7566 - val_acc: 0.7738
    23	49/49 [==============================] - 363s 7s/step - loss: 0.0315 - acc: 0.9906 - val_loss: 0.5564 - val_acc: 0.8274
    24	49/49 [==============================] - 362s 7s/step - loss: 0.0466 - acc: 0.9861 - val_loss: 0.5105 - val_acc: 0.8393
    25	49/49 [==============================] - 360s 7s/step - loss: 0.0229 - acc: 0.9949 - val_loss: 0.5391 - val_acc: 0.8393
    26	49/49 [==============================] - 362s 7s/step - loss: 0.0443 - acc: 0.9872 - val_loss: 0.8791 - val_acc: 0.7857
    27	49/49 [==============================] - 363s 7s/step - loss: 0.0500 - acc: 0.9872 - val_loss: 0.7978 - val_acc: 0.7440
    28	49/49 [==============================] - 365s 7s/step - loss: 0.0199 - acc: 0.9966 - val_loss: 0.5535 - val_acc: 0.8452
    29	49/49 [==============================] - 360s 7s/step - loss: 0.0221 - acc: 0.9917 - val_loss: 0.5786 - val_acc: 0.8452
    30	49/49 [==============================] - 366s 7s/step - loss: 0.0259 - acc: 0.9940 - val_loss: 0.5394 - val_acc: 0.8512
    31	49/49 [==============================] - 362s 7s/step - loss: 0.0211 - acc: 0.9932 - val_loss: 0.5176 - val_acc: 0.8690
    32	49/49 [==============================] - 363s 7s/step - loss: 0.0247 - acc: 0.9915 - val_loss: 0.7629 - val_acc: 0.8155
    33	49/49 [==============================] - 362s 7s/step - loss: 0.0402 - acc: 0.9889 - val_loss: 0.5128 - val_acc: 0.8690
    34	49/49 [==============================] - 363s 7s/step - loss: 0.0237 - acc: 0.9923 - val_loss: 0.6959 - val_acc: 0.8095
    35	49/49 [==============================] - 360s 7s/step - loss: 0.0116 - acc: 0.9957 - val_loss: 0.4825 - val_acc: 0.8750
    36	49/49 [==============================] - 366s 7s/step - loss: 0.0179 - acc: 0.9949 - val_loss: 0.5787 - val_acc: 0.8571
    37	49/49 [==============================] - 363s 7s/step - loss: 0.0195 - acc: 0.9932 - val_loss: 0.4466 - val_acc: 0.9048
    38	49/49 [==============================] - 360s 7s/step - loss: 0.0228 - acc: 0.9943 - val_loss: 0.4046 - val_acc: 0.9048
    39	49/49 [==============================] - 365s 7s/step - loss: 0.0262 - acc: 0.9932 - val_loss: 0.3972 - val_acc: 0.8869
    40	49/49 [==============================] - 362s 7s/step - loss: 0.0334 - acc: 0.9918 - val_loss: 0.4350 - val_acc: 0.8869
    41	49/49 [==============================] - 363s 7s/step - loss: 0.0226 - acc: 0.9949 - val_loss: 0.7822 - val_acc: 0.8155
    42	49/49 [==============================] - 358s 7s/step - loss: 0.0209 - acc: 0.9952 - val_loss: 0.6177 - val_acc: 0.8214
    43	49/49 [==============================] - 366s 7s/step - loss: 0.0255 - acc: 0.9889 - val_loss: 0.5441 - val_acc: 0.8393
    44	49/49 [==============================] - 363s 7s/step - loss: 0.0234 - acc: 0.9898 - val_loss: 0.6022 - val_acc: 0.8333
    45	49/49 [==============================] - 363s 7s/step - loss: 0.0297 - acc: 0.9909 - val_loss: 0.7132 - val_acc: 0.8095
    46	49/49 [==============================] - 363s 7s/step - loss: 0.0245 - acc: 0.9935 - val_loss: 0.5907 - val_acc: 0.8393
    47	49/49 [==============================] - 362s 7s/step - loss: 0.0290 - acc: 0.9906 - val_loss: 0.5813 - val_acc: 0.8333
    48	49/49 [==============================] - 362s 7s/step - loss: 0.0106 - acc: 0.9966 - val_loss: 0.6868 - val_acc: 0.8155
    49	49/49 [==============================] - 362s 7s/step - loss: 0.0152 - acc: 0.9940 - val_loss: 0.5619 - val_acc: 0.8690
    50	49/49 [==============================] - 363s 7s/step - loss: 0.0204 - acc: 0.9949 - val_loss: 0.6138 - val_acc: 0.8571
