  1	49/49 [==============================] - 540s 11s/step - loss: 0.8830 - acc: 0.7332 - val_loss: 0.9399 - val_acc: 0.7857
  2	49/49 [==============================] - 467s 10s/step - loss: 0.1528 - acc: 0.9450 - val_loss: 1.2296 - val_acc: 0.7560
  3	49/49 [==============================] - 466s 10s/step - loss: 0.1221 - acc: 0.9549 - val_loss: 1.1165 - val_acc: 0.8036
  4	49/49 [==============================] - 468s 10s/step - loss: 0.0828 - acc: 0.9733 - val_loss: 0.3369 - val_acc: 0.8988
  5	49/49 [==============================] - 467s 10s/step - loss: 0.0404 - acc: 0.9906 - val_loss: 0.5016 - val_acc: 0.8571
  6	49/49 [==============================] - 467s 10s/step - loss: 0.0276 - acc: 0.9915 - val_loss: 0.5381 - val_acc: 0.8333
  7	49/49 [==============================] - 466s 10s/step - loss: 0.0173 - acc: 0.9949 - val_loss: 0.5725 - val_acc: 0.8333
  8	49/49 [==============================] - 468s 10s/step - loss: 0.0225 - acc: 0.9926 - val_loss: 0.4028 - val_acc: 0.8631
  9	49/49 [==============================] - 467s 10s/step - loss: 0.0191 - acc: 0.9966 - val_loss: 0.3195 - val_acc: 0.9226
 10	49/49 [==============================] - 467s 10s/step - loss: 0.0139 - acc: 0.9957 - val_loss: 0.6032 - val_acc: 0.8333
 11	49/49 [==============================] - 471s 10s/step - loss: 0.0159 - acc: 0.9932 - val_loss: 0.4309 - val_acc: 0.8750
 12	49/49 [==============================] - 467s 10s/step - loss: 0.0164 - acc: 0.9957 - val_loss: 0.6290 - val_acc: 0.8095
 13	49/49 [==============================] - 465s  9s/step - loss: 0.0114 - acc: 0.9974 - val_loss: 0.5628 - val_acc: 0.8750
 14	49/49 [==============================] - 467s 10s/step - loss: 0.0171 - acc: 0.9966 - val_loss: 0.4092 - val_acc: 0.8929
 15	49/49 [==============================] - 468s 10s/step - loss: 0.0113 - acc: 0.9969 - val_loss: 0.3778 - val_acc: 0.8988
 16	49/49 [==============================] - 467s 10s/step - loss: 0.0087 - acc: 0.9966 - val_loss: 0.5295 - val_acc: 0.8512
 17	49/49 [==============================] - 467s 10s/step - loss: 0.0142 - acc: 0.9966 - val_loss: 0.3161 - val_acc: 0.9107
 18	49/49 [==============================] - 466s 10s/step - loss: 0.0081 - acc: 0.9974 - val_loss: 0.2582 - val_acc: 0.8929
 19	49/49 [==============================] - 470s 10s/step - loss: 0.0037 - acc: 0.9991 - val_loss: 0.2224 - val_acc: 0.9107
 20	49/49 [==============================] - 466s 10s/step - loss: 0.0052 - acc: 0.9991 - val_loss: 0.2528 - val_acc: 0.9107
 21	49/49 [==============================] - 464s  9s/step - loss: 0.0173 - acc: 0.9969 - val_loss: 0.3253 - val_acc: 0.9048
 22	49/49 [==============================] - 470s 10s/step - loss: 0.0040 - acc: 1.0000 - val_loss: 0.2641 - val_acc: 0.8988
 23	49/49 [==============================] - 464s  9s/step - loss: 0.0034 - acc: 0.9991 - val_loss: 0.2484 - val_acc: 0.9048
 24	49/49 [==============================] - 468s 10s/step - loss: 0.0082 - acc: 0.9983 - val_loss: 0.2015 - val_acc: 0.9226
 25	49/49 [==============================] - 471s 10s/step - loss: 0.0022 - acc: 0.9991 - val_loss: 0.1788 - val_acc: 0.9643
 26	49/49 [==============================] - 467s 10s/step - loss: 0.0040 - acc: 0.9991 - val_loss: 0.2545 - val_acc: 0.9048
 27	49/49 [==============================] - 464s  9s/step - loss: 0.0032 - acc: 0.9991 - val_loss: 0.2122 - val_acc: 0.9167
 28	49/49 [==============================] - 466s 10s/step - loss: 0.0031 - acc: 1.0000 - val_loss: 0.2071 - val_acc: 0.9286
 29	49/49 [==============================] - 466s 10s/step - loss: 0.0022 - acc: 1.0000 - val_loss: 0.2372 - val_acc: 0.9107
 30	49/49 [==============================] - 470s 10s/step - loss: 0.0019 - acc: 1.0000 - val_loss: 0.2438 - val_acc: 0.9048
 31	49/49 [==============================] - 464s  9s/step - loss: 0.0028 - acc: 1.0000 - val_loss: 0.2774 - val_acc: 0.8988
 32	49/49 [==============================] - 471s 10s/step - loss: 0.0012 - acc: 1.0000 - val_loss: 0.2061 - val_acc: 0.9226
 33	49/49 [==============================] - 464s  9s/step - loss: 0.0064 - acc: 0.9983 - val_loss: 0.2083 - val_acc: 0.9286
 34	49/49 [==============================] - 467s 10s/step - loss: 0.0057 - acc: 0.9974 - val_loss: 0.3456 - val_acc: 0.8869
 35	49/49 [==============================] - 471s 10s/step - loss: 0.0030 - acc: 1.0000 - val_loss: 0.3048 - val_acc: 0.8869
 36	49/49 [==============================] - 465s  9s/step - loss: 0.0033 - acc: 0.9983 - val_loss: 0.3029 - val_acc: 0.8988
 37	49/49 [==============================] - 470s 10s/step - loss: 0.0031 - acc: 0.9991 - val_loss: 0.2941 - val_acc: 0.9107
 38	49/49 [==============================] - 469s 10s/step - loss: 0.0101 - acc: 0.9963 - val_loss: 0.1808 - val_acc: 0.9524
 39	49/49 [==============================] - 465s  9s/step - loss: 0.0030 - acc: 1.0000 - val_loss: 0.3399 - val_acc: 0.8929
 40	49/49 [==============================] - 469s 10s/step - loss: 0.0028 - acc: 1.0000 - val_loss: 0.2956 - val_acc: 0.9048
 41	49/49 [==============================] - 465s  9s/step - loss: 0.0020 - acc: 1.0000 - val_loss: 0.2461 - val_acc: 0.9167
 42	49/49 [==============================] - 469s 10s/step - loss: 0.0019 - acc: 1.0000 - val_loss: 0.2538 - val_acc: 0.9226
 43	49/49 [==============================] - 467s 10s/step - loss: 0.0024 - acc: 1.0000 - val_loss: 0.2627 - val_acc: 0.9167
 44	49/49 [==============================] - 467s 10s/step - loss: 0.0013 - acc: 0.9991 - val_loss: 0.2928 - val_acc: 0.9048
 45	49/49 [==============================] - 467s 10s/step - loss: 0.0034 - acc: 0.9991 - val_loss: 0.2324 - val_acc: 0.9286
 46	49/49 [==============================] - 465s  9s/step - loss: 0.0018 - acc: 1.0000 - val_loss: 0.2084 - val_acc: 0.9286
 47	49/49 [==============================] - 470s 10s/step - loss: 8.6748e-04 - acc: 1.0000 - val_loss: 0.2014 - val_acc: 0.9405
 48	49/49 [==============================] - 467s 10s/step - loss: 9.2232e-04 - acc: 1.0000 - val_loss: 0.2018 - val_acc: 0.9405
 49	49/49 [==============================] - 467s 10s/step - loss: 9.7234e-04 - acc: 1.0000 - val_loss: 0.1981 - val_acc: 0.9345
 50	49/49 [==============================] - 466s 10s/step - loss: 0.0012 - acc: 1.0000 - val_loss: 0.2045 - val_acc: 0.9345
